

 %LP
 %func_plot = 1/( (s/(2*pi *1.5 *7000) +1 )*(s/(2*pi*2.75 *7000)+1) )
 %func_plot = 1/( (s/(2*pi *1.5 *4000) +1 )*(s/(2*pi*2.75 *4000)+1) )
 
 
 %HP
 func_plot_2 = s^2/( s^2 + s* 1300/0.05 + 1/(0.05 * 100e-9))
 func_plot_2 = 1/( (1000/s*(2*pi *1.75) +1 )*(1000/s*(2*pi*2.50)+1) )
